-2.407031344459699684e-01
-2.633069305214182920e-01
-2.116084178385159720e-01
-6.510128927900113438e-02
-1.462170748443671897e-01
-1.477917397559532220e-01
-3.783785866973117529e-02
-1.745241728596652608e-02
9.276146119257959455e-02
-1.084873964708362587e-02
8.852019169188657388e-02
7.157639145128139035e-04
9.555334676395049742e-04
7.850278222631706937e-02
1.053847777346161863e-01
3.325657738729997925e-02
1.221582995313437725e-01
1.874188690592717976e-02
1.432784243317418438e-01
6.116737399790068280e-02
1.328909077371618619e-01
8.273980908231814979e-02
9.189918070205729816e-02
1.021195265318961681e-01
2.523382058794734761e-02
1.387448479945033730e-01
4.740230464204168992e-02
8.304695742874504405e-02
5.220045301822562323e-02
8.305326476858657103e-02
1.389051781853693768e-01
5.103115336813350555e-02
6.370267507060335677e-02
8.512568068849971081e-02
1.242695845000239552e-01
7.324317030277929796e-02
1.298401608976716137e-01
6.939959168901639608e-02
2.091825010814401808e-01
2.876406932800308347e-01
2.047552242119118071e-01
2.446760708686240848e-01
2.826211653831768866e-01
3.126110503179201916e-01
3.373226759989712553e-01
4.379439424823995397e-01
2.972531829569174389e-01
3.694973976661552473e-01
4.056005253244331366e-01
5.087196353687419847e-01
